20
1 2
1 3
1 4
1 9
1 11
1 12
1 13
1 15
1 17
1 19
2 1
2 5
2 8
2 11
2 12
2 16
2 17
2 18
3 1
3 5
3 6
3 7
3 10
3 14
3 16
3 18
4 1
4 6
4 8
4 10
4 12
4 15
4 20
5 2
5 3
5 13
5 14
5 15
5 16
5 17
5 18
5 19
6 3
6 4
6 7
6 8
6 9
6 10
6 11
6 15
6 16
6 18
6 19
7 3
7 6
7 9
7 10
7 11
7 13
7 14
7 18
7 19
7 20
8 2
8 4
8 6
8 9
8 13
8 15
8 17
8 18
9 1
9 6
9 7
9 8
9 11
9 13
9 15
9 16
9 18
9 19
9 20
10 3
10 4
10 6
10 7
10 12
10 13
10 14
10 15
10 16
10 19
11 1
11 2
11 6
11 7
11 9
11 13
11 15
11 20
12 1
12 2
12 4
12 10
12 13
12 14
12 15
12 18
13 1
13 5
13 7
13 8
13 9
13 10
13 11
13 12
13 14
13 17
13 19
13 20
14 3
14 5
14 7
14 10
14 12
14 13
14 16
14 17
14 18
15 1
15 4
15 5
15 6
15 8
15 9
15 10
15 11
15 12
15 16
15 17
15 18
15 19
15 20
16 2
16 3
16 5
16 6
16 9
16 10
16 14
16 15
16 17
16 18
16 19
16 20
17 1
17 2
17 5
17 8
17 13
17 14
17 15
17 16
17 18
18 2
18 3
18 5
18 6
18 7
18 8
18 9
18 12
18 14
18 15
18 16
18 17
18 20
19 1
19 5
19 6
19 7
19 9
19 10
19 13
19 15
19 16
19 20
20 4
20 7
20 9
20 11
20 13
20 15
20 16
20 18
20 19
