20
1 2
1 3
1 4
1 5
1 7
1 8
1 10
1 17
1 18
1 19
1 20
2 1
2 4
2 5
2 6
2 9
2 16
2 17
2 20
3 1
3 5
3 6
3 7
3 8
3 12
3 13
3 14
3 15
3 16
3 19
3 20
4 1
4 2
4 10
4 11
4 13
4 14
4 15
4 17
4 19
5 1
5 2
5 3
5 6
5 8
5 9
5 10
5 13
5 19
6 2
6 3
6 5
6 7
6 12
6 15
6 16
6 17
7 1
7 3
7 6
7 9
7 11
7 12
7 13
7 16
7 19
8 1
8 3
8 5
8 12
9 2
9 5
9 7
9 10
9 11
9 12
9 13
9 15
9 20
10 1
10 4
10 5
10 9
10 11
10 13
10 15
10 17
10 18
10 20
11 4
11 7
11 9
11 10
11 12
11 15
11 16
11 19
12 3
12 6
12 7
12 8
12 9
12 11
12 13
12 14
12 16
12 18
12 19
12 20
13 3
13 4
13 5
13 7
13 9
13 10
13 12
13 14
13 15
13 16
13 17
13 18
13 19
14 3
14 4
14 12
14 13
14 17
14 20
15 3
15 4
15 6
15 9
15 10
15 11
15 13
15 17
15 18
15 19
16 2
16 3
16 6
16 7
16 11
16 12
16 13
17 1
17 2
17 4
17 6
17 10
17 13
17 14
17 15
17 20
18 1
18 10
18 12
18 13
18 15
18 20
19 1
19 3
19 4
19 5
19 7
19 11
19 12
19 13
19 15
20 1
20 2
20 3
20 9
20 10
20 12
20 14
20 17
20 18
