30
1 2
1 4
1 5
1 10
1 13
1 14
1 15
1 16
1 21
1 24
1 26
1 27
1 29
1 30
2 1
2 3
2 4
2 5
2 6
2 7
2 10
2 13
2 16
2 18
2 20
2 22
2 25
2 26
2 27
2 28
2 29
2 30
3 2
3 4
3 6
3 7
3 10
3 12
3 14
3 18
3 21
3 22
3 24
3 25
3 27
3 28
3 29
4 1
4 2
4 3
4 5
4 6
4 7
4 8
4 10
4 12
4 13
4 21
4 23
4 25
5 1
5 2
5 4
5 11
5 18
5 19
5 20
5 21
5 22
5 23
5 25
6 2
6 3
6 4
6 9
6 11
6 12
6 13
6 14
6 16
6 17
6 18
6 20
6 21
6 22
6 23
6 28
6 30
7 2
7 3
7 4
7 9
7 10
7 15
7 19
7 24
7 25
8 4
8 10
8 14
8 15
8 16
8 19
8 22
8 27
8 28
8 29
8 30
9 6
9 7
9 12
9 18
9 19
9 21
9 23
9 24
9 25
9 29
10 1
10 2
10 3
10 4
10 7
10 8
10 18
10 21
10 22
10 24
10 25
10 26
10 27
10 28
10 30
11 5
11 6
11 12
11 17
11 19
11 20
11 22
11 26
11 27
11 28
11 29
11 30
12 3
12 4
12 6
12 9
12 11
12 13
12 15
12 16
12 18
12 19
12 20
12 22
12 23
12 24
12 26
12 28
12 29
12 30
13 1
13 2
13 4
13 6
13 12
13 15
13 16
13 19
13 20
13 21
13 24
13 30
14 1
14 3
14 6
14 8
14 16
14 17
14 19
14 21
14 22
14 23
14 25
14 26
14 29
14 30
15 1
15 7
15 8
15 12
15 13
15 17
15 19
15 24
15 25
15 28
15 29
15 30
16 1
16 2
16 6
16 8
16 12
16 13
16 14
16 17
16 18
16 23
16 26
16 27
16 28
17 6
17 11
17 14
17 15
17 16
17 18
17 20
17 22
17 24
17 27
17 30
18 2
18 3
18 5
18 6
18 9
18 10
18 12
18 16
18 17
18 19
18 21
18 23
19 5
19 7
19 8
19 9
19 11
19 12
19 13
19 14
19 15
19 18
19 21
19 23
19 25
19 29
19 30
20 2
20 5
20 6
20 11
20 12
20 13
20 17
20 21
20 27
20 28
21 1
21 3
21 4
21 5
21 6
21 9
21 10
21 13
21 14
21 18
21 19
21 20
21 24
21 26
21 27
21 28
21 30
22 2
22 3
22 5
22 6
22 8
22 10
22 11
22 12
22 14
22 17
22 25
22 29
22 30
23 4
23 5
23 6
23 9
23 12
23 14
23 16
23 18
23 19
23 24
24 1
24 3
24 7
24 9
24 10
24 12
24 13
24 15
24 17
24 21
24 23
24 25
24 26
24 30
25 2
25 3
25 4
25 5
25 7
25 9
25 10
25 14
25 15
25 19
25 22
25 24
25 26
25 29
26 1
26 2
26 10
26 11
26 12
26 14
26 16
26 21
26 24
26 25
26 28
26 29
26 30
27 1
27 2
27 3
27 8
27 10
27 11
27 16
27 17
27 20
27 21
28 2
28 3
28 6
28 8
28 10
28 11
28 12
28 15
28 16
28 20
28 21
28 26
29 1
29 2
29 3
29 8
29 9
29 11
29 12
29 14
29 15
29 19
29 22
29 25
29 26
30 1
30 2
30 6
30 8
30 10
30 11
30 12
30 13
30 14
30 15
30 17
30 19
30 21
30 22
30 24
30 26
